[1, 3, 9, 27]
1
[1, 3, 9, 27]
2
[1, 3, 9, 27]
3
[1, 3, 9, 27]
4
[1, 3, 9, 27]
5
[1, 3, 9, 27]
6
[1, 3, 9, 27]
7
[1, 3, 9, 27]
8
[1, 3, 9, 27]
9
[1, 3, 9, 27]
10
[1, 3, 9, 27]
11
[1, 3, 9, 27]
12
[1, 3, 9, 27]
13
[1, 3, 9, 27]
14
[1, 3, 9, 27]
15
[1, 3, 9, 27]
16
[1, 3, 9, 27]
17
[1, 3, 9, 27]
18
[1, 3, 9, 27]
19
[1, 3, 9, 27]
20
[1, 3, 9, 27]
21
[1, 3, 9, 27]
22
[1, 3, 9, 27]
23
[1, 3, 9, 27]
24
[1, 3, 9, 27]
25
[1, 3, 9, 27]
26
[1, 3, 9, 27]
27
[1, 3, 9, 27]
28
[1, 3, 9, 27]
29
[1, 3, 9, 27]
30
[1, 3, 9, 27]
31
[1, 3, 9, 27]
32
[1, 3, 9, 27]
33
[1, 3, 9, 27]
34
[1, 3, 9, 27]
35
[1, 3, 9, 27]
36
[1, 3, 9, 27]
37
[1, 3, 9, 27]
38
[1, 3, 9, 27]
39
[1, 3, 9, 27]
40
[1, 3, 9, 27]
41
[1, 3, 9, 27]
42
[1, 3, 9, 27]
43
[1, 3, 9, 27]
44
[1, 3, 9, 27]
45
[1, 3, 9, 27]
46
[1, 3, 9, 27]
47
[1, 3, 9, 27]
48
[1, 3, 9, 27]
49
[1, 3, 9, 27]
50
[1, 3, 9, 27]
51
[1, 3, 9, 27]
52
[1, 3, 9, 27]
53
[1, 3, 9, 27]
54
[1, 3, 9, 27]
55
[1, 3, 9, 27]
56
[1, 3, 9, 27]
57
[1, 3, 9, 27]
58
[1, 3, 9, 27]
59
[1, 3, 9, 27]
60
[1, 3, 9, 27]
61
[1, 3, 9, 27]
62
[1, 3, 9, 27]
63
[1, 3, 9, 27]
64
[1, 3, 9, 27]
65
[1, 3, 9, 27]
66
[1, 3, 9, 27]
67
[1, 3, 9, 27]
68
[1, 3, 9, 27]
69
[1, 3, 9, 27]
70
[1, 3, 9, 27]
71
[1, 3, 9, 27]
72
[1, 3, 9, 27]
73
[1, 3, 9, 27]
74
[1, 3, 9, 27]
75
[1, 3, 9, 27]
76
[1, 3, 9, 27]
77
[1, 3, 9, 27]
78
[1, 3, 9, 27]
79
[1, 3, 9, 27]
80
[1, 3, 9, 27]
81
[1, 3, 9, 27]
82
[1, 3, 9, 27]
83
[1, 3, 9, 27]
84
[1, 3, 9, 27]
85
[1, 3, 9, 27]
86
[1, 3, 9, 27]
87
[1, 3, 9, 27]
88
[1, 3, 9, 27]
89
[1, 3, 9, 27]
90
[1, 3, 9, 27]
91
[1, 3, 9, 27]
92
[1, 3, 9, 27]
93
[1, 3, 9, 27]
94
[1, 3, 9, 27]
95
[1, 3, 9, 27]
96
[1, 3, 9, 27]
97
[1, 3, 9, 27]
98
[1, 3, 9, 27]
99
[1, 3, 9, 27]
100
